6712.38431, 0.00000, 1997.76386, 0.00000, 6724.22887, 1522.30679, 0.00000, 0.00000, 1.00000
6664.76355, 0.00000, 2051.67211, 0.00000, 6665.89302, 1502.68035, 0.00000, 0.00000, 1.00000
6652.44115, 0.00000, 2066.53224, 0.00000, 6654.44998, 1518.67853, 0.00000, 0.00000, 1.00000
-0.09196, 0.19217, 0.00000, 0.00000
-0.09996, 0.20634, 0.00000, 0.00000
-0.06353, -0.17446, 0.00000, 0.00000
0.96721, 0.03717, 0.25124, -0.03431, 0.99929, -0.01575, -0.25164, 0.00661, 0.96780
0.50513, 0.02659, -0.86263, -0.03732, 0.99926, 0.00894, 0.86224, 0.02768, 0.50575
-485.18085, 6.57918, -47.02917
1311.64420, 55.12924, 898.86791
